Output from LD method v.2
Starting time: Sat Mar 14 08:38:08 2026
Input File: "C:\Users\jared\OneDrive - Michigan State University\MEER Lab - Documentsclusters.2514LD"

Number of Loci = 2000

Non-polymorphic loci:     3,     6,     9,    13,    20,    23,    24,    26,
           28,    30,    32,    34,    38,    40,    43,    44,    47,    48,
           49,    50,    53,    55,    60,    61,    62,    71,    73,    74,
           79,    81,    82,    84,    86,    87,    88,    89,    91,    92,
           93,    94,    96,    97,   101,   102,   103,   104,   106,   107,
          108,   109,   110,   112,   115,   116,   117,   120,   121,   123,
          124,   125,   127,   129,   130,   131,   133,   134,   140,   142,
          143,   144,   145,   149,   150,   152,   155,   156,   157,   159,
          160,   163,   166,   167,   168,   169,   170,   171,   172,   174,
          175,   176,   180,   185,   189,   191,   193,   196,   200,   202,
          204,   205,   207,   210,   211,   213,   215,   216,   218,   220,
          224,   225,   230,   232,   233,   234,   235,   237,   239,   240,
          241,   242,   244,   245,   246,   247,   249,   251,   254,   256,
          258,   261,   262,   264,   266,   268,   269,   270,   275,   277,
          279,   283,   286,   288,   289,   291,   295,   297,   299,   300,
          302,   304,   305,   306,   309,   310,   314,   315,   317,   318,
          319,   321,   322,   323,   324,   325,   326,   330,   331,   333,
          341,   343,   344,   345,   347,   349,   351,   355,   356,   357,
          360,   363,   365,   372,   376,   377,   382,   383,   384,   385,
          387,   389,   390,   393,   395,   397,   398,   399,   400,   404,
          405,   406,   408,   410,   412,   416,   422,   423,   424,   426,
          428,   429,   431,   432,   433,   434,   435,   436,   438,   442,
          443,   450,   455,   456,   457,   458,   459,   461,   462,   463,
          466,   469,   475,   476,   479,   483,   484,   485,   486,   487,
          489,   490,   491,   493,   495,   496,   498,   506,   507,   511,
          515,   519,   521,   522,   523,   525,   526,   527,   530,   537,
          539,   542,   543,   546,   547,   549,   552,   553,   554,   555,
          558,   561,   562,   565,   566,   567,   568,   569,   570,   571,
          572,   573,   574,   575,   576,   578,   579,   581,   582,   583,
          584,   585,   586,   587,   589,   590,   591,   593,   594,   596,
          599,   601,   605,   606,   609,   611,   612,   615,   616,   617,
          618,   620,   621,   623,   624,   625,   626,   631,   632,   634,
          635,   637,   639,   640,   644,   645,   646,   650,   652,   655,
          656,   659,   661,   662,   663,   666,   668,   675,   676,   679,
          681,   683,   685,   686,   688,   689,   691,   692,   697,   700,
          701,   703,   704,   705,   708,   710,   711,   715,   716,   717,
          718,   721,   722,   725,   726,   727,   728,   730,   732,   733,
          734,   737,   740,   741,   744,   746,   747,   749,   751,   755,
          757,   758,   759,   760,   763,   764,   770,   772,   774,   782,
          785,   786,   790,   793,   795,   796,   797,   798,   799,   800,
          807,   808,   809,   810,   812,   813,   815,   819,   821,   824,
          825,   826,   829,   830,   834,   838,   839,   841,   843,   845,
          846,   847,   848,   849,   853,   855,   856,   860,   861,   862,
          863,   864,   869,   871,   872,   874,   877,   878,   879,   880,
          881,   883,   884,   889,   890,   893,   894,   897,   899,   901,
          902,   903,   904,   906,   910,   911,   912,   913,   915,   916,
          917,   923,   926,   930,   933,   934,   935,   936,   937,   938,
          940,   943,   945,   946,   947,   948,   951,   953,   955,   956,
          957,   959,   963,   964,   965,   966,   967,   970,   971,   972,
          974,   977,   978,   979,   980,   983,   984,   985,   986,   987,
          990,   996,   998,   999,  1000,  1002,  1003,  1005,  1006,  1010,
         1012,  1015,  1016,  1019,  1023,  1026,  1027,  1028,  1029,  1030,
         1031,  1032,  1037,  1039,  1041,  1042,  1043,  1044,  1046,  1048,
         1050,  1051,  1052,  1053,  1055,  1061,  1063,  1064,  1065,  1067,
         1071,  1072,  1073,  1075,  1076,  1077,  1082,  1084,  1089,  1090,
         1091,  1093,  1095,  1100,  1101,  1102,  1106,  1108,  1109,  1111,
         1113,  1115,  1118,  1122,  1124,  1127,  1129,  1130,  1132,  1133,
         1135,  1140,  1142,  1143,  1144,  1146,  1147,  1150,  1151,  1152,
         1153,  1163,  1164,  1165,  1167,  1168,  1169,  1172,  1173,  1175,
         1176,  1177,  1178,  1180,  1181,  1182,  1184,  1187,  1188,  1189,
         1190,  1192,  1193,  1195,  1197,  1198,  1199,  1200,  1202,  1203,
         1207,  1212,  1218,  1219,  1221,  1226,  1227,  1228,  1235,  1236,
         1240,  1243,  1244,  1248,  1250,  1251,  1252,  1253,  1254,  1256,
         1262,  1263,  1264,  1265,  1267,  1270,  1272,  1275,  1276,  1277,
         1279,  1280,  1281,  1283,  1284,  1289,  1290,  1293,  1294,  1295,
         1296,  1297,  1298,  1300,  1301,  1302,  1303,  1304,  1311,  1313,
         1319,  1320,  1321,  1322,  1324,  1325,  1327,  1328,  1331,  1333,
         1334,  1335,  1336,  1337,  1339,  1341,  1342,  1344,  1347,  1350,
         1354,  1355,  1356,  1357,  1360,  1362,  1365,  1366,  1369,  1373,
         1374,  1375,  1380,  1381,  1382,  1383,  1391,  1392,  1394,  1396,
         1402,  1404,  1405,  1409,  1410,  1413,  1415,  1416,  1418,  1419,
         1420,  1421,  1423,  1424,  1425,  1429,  1430,  1432,  1434,  1435,
         1437,  1438,  1440,  1441,  1442,  1444,  1446,  1449,  1450,  1451,
         1452,  1454,  1455,  1460,  1462,  1463,  1467,  1468,  1470,  1472,
         1473,  1475,  1476,  1477,  1482,  1483,  1485,  1488,  1490,  1491,
         1492,  1495,  1496,  1497,  1498,  1499,  1502,  1503,  1504,  1505,
         1507,  1508,  1513,  1514,  1516,  1517,  1518,  1526,  1527,  1528,
         1536,  1538,  1539,  1540,  1541,  1542,  1544,  1547,  1549,  1551,
         1553,  1557,  1559,  1560,  1563,  1565,  1566,  1567,  1568,  1569,
         1572,  1573,  1574,  1575,  1576,  1577,  1579,  1580,  1581,  1582,
         1583,  1584,  1585,  1586,  1588,  1591,  1593,  1594,  1598,  1599,
         1601,  1606,  1607,  1609,  1611,  1613,  1617,  1619,  1621,  1623,
         1624,  1625,  1627,  1628,  1631,  1632,  1633,  1634,  1635,  1638,
         1645,  1647,  1650,  1651,  1652,  1653,  1657,  1658,  1661,  1662,
         1666,  1668,  1670,  1671,  1674,  1675,  1677,  1680,  1684,  1686,
         1687,  1689,  1691,  1692,  1693,  1694,  1695,  1696,  1697,  1698,
         1699,  1702,  1706,  1708,  1711,  1713,  1715,  1716,  1717,  1719,
         1720,  1721,  1722,  1723,  1728,  1730,  1734,  1735,  1736,  1737,
         1738,  1740,  1741,  1742,  1746,  1748,  1751,  1752,  1753,  1754,
         1761,  1763,  1764,  1765,  1768,  1769,  1771,  1772,  1774,  1777,
         1780,  1781,  1784,  1785,  1786,  1787,  1792,  1793,  1796,  1797,
         1802,  1803,  1808,  1810,  1813,  1814,  1818,  1819,  1821,  1825,
         1826,  1828,  1830,  1832,  1836,  1837,  1840,  1841,  1842,  1844,
         1845,  1846,  1849,  1850,  1852,  1854,  1855,  1859,  1860,  1861,
         1862,  1864,  1867,  1868,  1869,  1874,  1876,  1877,  1878,  1879,
         1880,  1882,  1884,  1885,  1886,  1888,  1889,  1894,  1896,  1905,
         1907,  1913,  1914,  1916,  1917,  1918,  1921,  1924,  1925,  1930,
         1932,  1933,  1941,  1946,  1948,  1953,  1957,  1962,  1965,  1967,
         1968,  1969,  1972,  1973,  1976,  1977,  1978,  1979,  1981,  1983,
         1986,  1987,  1988,  1990,  1993,  1994,  1995,  1996,  1997,  1999,
         2000
Total non-polymorphic = 999

Mating model: Random

Population     1 [ChocolayRiver_25_03556]  (Number of Individuals = 39)
****************
--------------------------------------------------------------------------
Lowest Allele Frequency Used     0.050       0.020       0.010         0+   
--------------------------------------------------------------------------
Harmonic Mean Sample Size =       37.6        37.6        37.6        37.6
Independent Comparisons =     268292      373675      498328      498328
OverAll r^2 =                  0.02953     0.02977     0.03027     0.03027
Expected r^2 Sample =          0.02859     0.02863     0.02864     0.02864
Estimated Ne^ =                  355.7       288.7       202.9       202.9

95% CIs for Ne^
* Parametric                     303.6       258.0       188.9       188.9
                                 428.4       327.4       219.0       219.0

* CIs by Jackknife are skipped when number of polymorphic loci > 100

**************************************************************************
Non-polymorphic loci:     2,     3,     6,     7,     9,    10,    13,    16,
           17,    20,    23,    24,    26,    27,    28,    29,    30,    31,
           32,    34,    36,    38,    41,    43,    44,    47,    48,    50,
           53,    55,    60,    61,    62,    64,    65,    71,    73,    74,
           79,    81,    82,    83,    84,    85,    86,    87,    88,    89,
           91,    92,    95,    96,    97,    98,    99,   101,   102,   103,
          104,   105,   106,   107,   108,   109,   110,   113,   114,   115,
          116,   117,   119,   120,   121,   123,   124,   125,   127,   129,
          131,   133,   134,   136,   137,   138,   140,   142,   143,   144,
          149,   150,   152,   155,   156,   157,   158,   160,   161,   162,
          163,   164,   166,   167,   168,   169,   170,   171,   172,   174,
          175,   176,   177,   180,   181,   185,   187,   189,   191,   194,
          196,   200,   201,   202,   204,   205,   207,   208,   210,   211,
          213,   215,   216,   217,   218,   220,   224,   225,   226,   227,
          230,   232,   233,   234,   235,   237,   239,   240,   241,   242,
          245,   246,   247,   249,   250,   251,   254,   256,   257,   258,
          261,   262,   263,   264,   268,   269,   270,   275,   278,   279,
          283,   286,   287,   288,   289,   291,   292,   295,   296,   297,
          299,   305,   306,   308,   309,   310,   311,   314,   315,   317,
          318,   321,   322,   323,   324,   325,   326,   330,   331,   333,
          334,   336,   337,   339,   341,   343,   344,   345,   347,   349,
          351,   355,   356,   357,   360,   363,   365,   369,   372,   376,
          377,   380,   382,   383,   385,   386,   387,   389,   390,   393,
          395,   397,   398,   399,   400,   404,   405,   406,   407,   408,
          410,   411,   412,   416,   417,   419,   421,   422,   423,   424,
          426,   428,   429,   430,   431,   432,   433,   434,   435,   436,
          438,   440,   443,   444,   447,   450,   454,   455,   456,   458,
          459,   462,   463,   466,   468,   469,   475,   476,   477,   479,
          482,   483,   485,   486,   487,   488,   489,   490,   491,   492,
          493,   494,   495,   496,   497,   498,   506,   507,   510,   511,
          515,   518,   519,   521,   523,   525,   526,   527,   530,   534,
          537,   538,   539,   542,   543,   546,   547,   548,   549,   551,
          552,   553,   554,   555,   558,   559,   560,   561,   562,   565,
          566,   567,   569,   572,   573,   574,   575,   576,   578,   579,
          581,   582,   583,   584,   585,   586,   587,   588,   590,   591,
          592,   593,   594,   596,   599,   600,   601,   605,   606,   608,
          609,   610,   611,   612,   615,   616,   617,   618,   619,   620,
          621,   623,   624,   625,   628,   629,   631,   632,   634,   635,
          637,   639,   640,   644,   645,   650,   651,   652,   653,   655,
          656,   657,   659,   661,   662,   663,   666,   668,   669,   672,
          675,   676,   678,   679,   681,   683,   685,   688,   689,   691,
          692,   697,   699,   701,   703,   704,   705,   708,   710,   711,
          712,   713,   715,   716,   717,   718,   719,   721,   722,   723,
          725,   726,   727,   728,   730,   731,   732,   733,   734,   737,
          739,   740,   741,   744,   746,   747,   749,   751,   752,   755,
          757,   758,   759,   760,   762,   764,   768,   769,   770,   772,
          774,   778,   779,   780,   781,   782,   785,   786,   788,   789,
          790,   791,   793,   795,   797,   798,   799,   804,   805,   806,
          807,   808,   809,   810,   811,   812,   813,   814,   815,   816,
          818,   819,   821,   825,   826,   829,   830,   834,   838,   839,
          841,   843,   845,   847,   848,   849,   853,   854,   855,   856,
          857,   859,   860,   861,   862,   863,   868,   869,   870,   871,
          872,   873,   874,   877,   878,   879,   880,   881,   883,   884,
          889,   890,   893,   894,   895,   896,   897,   899,   901,   902,
          903,   904,   906,   909,   910,   911,   912,   913,   916,   920,
          923,   926,   927,   929,   930,   931,   932,   933,   934,   936,
          937,   938,   940,   941,   943,   944,   945,   947,   948,   951,
          953,   955,   956,   958,   959,   962,   963,   964,   965,   966,
          970,   971,   972,   974,   978,   979,   980,   983,   984,   985,
          986,   987,   990,   992,   996,   998,   999,  1000,  1002,  1003,
         1005,  1010,  1012,  1013,  1015,  1016,  1019,  1023,  1026,  1027,
         1028,  1029,  1031,  1032,  1038,  1039,  1040,  1041,  1042,  1043,
         1044,  1046,  1047,  1050,  1051,  1052,  1053,  1054,  1055,  1061,
         1062,  1063,  1064,  1065,  1071,  1072,  1073,  1075,  1076,  1077,
         1079,  1080,  1082,  1084,  1086,  1087,  1088,  1089,  1090,  1091,
         1093,  1094,  1095,  1100,  1101,  1106,  1107,  1108,  1109,  1111,
         1113,  1114,  1115,  1118,  1120,  1122,  1124,  1126,  1127,  1128,
         1129,  1130,  1132,  1133,  1135,  1138,  1140,  1142,  1143,  1144,
         1146,  1147,  1150,  1151,  1152,  1153,  1154,  1155,  1159,  1160,
         1161,  1163,  1164,  1165,  1167,  1168,  1169,  1171,  1172,  1173,
         1175,  1176,  1177,  1180,  1181,  1182,  1183,  1184,  1187,  1188,
         1189,  1190,  1194,  1195,  1197,  1198,  1199,  1200,  1202,  1203,
         1207,  1211,  1212,  1213,  1217,  1218,  1219,  1221,  1222,  1225,
         1226,  1227,  1236,  1237,  1240,  1243,  1244,  1248,  1250,  1251,
         1252,  1253,  1254,  1256,  1257,  1262,  1263,  1265,  1267,  1270,
         1272,  1275,  1276,  1277,  1278,  1279,  1280,  1281,  1282,  1283,
         1284,  1285,  1289,  1290,  1293,  1295,  1296,  1297,  1298,  1299,
         1300,  1301,  1302,  1303,  1304,  1311,  1313,  1314,  1317,  1318,
         1319,  1322,  1324,  1325,  1327,  1328,  1329,  1331,  1332,  1333,
         1334,  1335,  1337,  1339,  1341,  1342,  1343,  1344,  1346,  1347,
         1350,  1354,  1355,  1356,  1357,  1362,  1365,  1366,  1369,  1372,
         1373,  1374,  1375,  1380,  1381,  1382,  1383,  1385,  1386,  1389,
         1391,  1392,  1394,  1396,  1399,  1402,  1403,  1404,  1405,  1410,
         1412,  1413,  1414,  1415,  1416,  1418,  1419,  1421,  1422,  1423,
         1424,  1425,  1429,  1430,  1431,  1432,  1434,  1435,  1436,  1437,
         1438,  1439,  1440,  1441,  1442,  1444,  1446,  1447,  1448,  1449,
         1451,  1452,  1454,  1455,  1459,  1460,  1462,  1463,  1465,  1467,
         1468,  1469,  1470,  1473,  1475,  1476,  1477,  1479,  1480,  1482,
         1483,  1484,  1485,  1487,  1488,  1490,  1491,  1492,  1496,  1497,
         1498,  1499,  1502,  1503,  1504,  1506,  1507,  1508,  1513,  1514,
         1516,  1517,  1518,  1526,  1527,  1528,  1530,  1536,  1538,  1539,
         1540,  1541,  1542,  1544,  1545,  1547,  1548,  1549,  1551,  1552,
         1553,  1559,  1561,  1563,  1565,  1566,  1567,  1568,  1570,  1572,
         1573,  1575,  1576,  1577,  1578,  1579,  1580,  1581,  1583,  1584,
         1585,  1586,  1588,  1590,  1591,  1593,  1594,  1595,  1598,  1599,
         1601,  1602,  1604,  1605,  1606,  1607,  1608,  1609,  1611,  1614,
         1617,  1619,  1620,  1621,  1623,  1624,  1625,  1627,  1628,  1631,
         1632,  1633,  1634,  1635,  1636,  1637,  1638,  1643,  1645,  1647,
         1650,  1651,  1652,  1653,  1654,  1657,  1658,  1661,  1662,  1668,
         1670,  1672,  1674,  1675,  1677,  1680,  1683,  1684,  1686,  1689,
         1691,  1693,  1694,  1695,  1696,  1698,  1699,  1702,  1705,  1706,
         1708,  1710,  1711,  1715,  1716,  1717,  1718,  1719,  1720,  1721,
         1722,  1723,  1726,  1728,  1730,  1734,  1735,  1736,  1737,  1738,
         1740,  1741,  1742,  1743,  1746,  1747,  1748,  1751,  1752,  1753,
         1754,  1761,  1763,  1768,  1769,  1771,  1772,  1774,  1777,  1780,
         1781,  1782,  1784,  1786,  1787,  1788,  1793,  1796,  1797,  1798,
         1802,  1803,  1805,  1807,  1808,  1809,  1810,  1813,  1814,  1815,
         1816,  1818,  1819,  1821,  1822,  1825,  1826,  1827,  1828,  1829,
         1830,  1831,  1832,  1834,  1836,  1837,  1840,  1841,  1844,  1845,
         1846,  1849,  1850,  1851,  1852,  1854,  1855,  1859,  1860,  1861,
         1862,  1867,  1869,  1874,  1877,  1878,  1879,  1880,  1882,  1883,
         1884,  1885,  1886,  1889,  1891,  1892,  1894,  1896,  1905,  1906,
         1907,  1913,  1914,  1916,  1918,  1921,  1924,  1925,  1930,  1931,
         1932,  1934,  1935,  1941,  1944,  1946,  1948,  1952,  1953,  1954,
         1957,  1960,  1962,  1964,  1965,  1967,  1968,  1969,  1972,  1973,
         1976,  1977,  1978,  1979,  1981,  1983,  1984,  1985,  1986,  1987,
         1988,  1990,  1991,  1993,  1994,  1995,  1996,  1997,  1998,  1999
Total non-polymorphic = 1168


Population     2 [GilchristCreek_00_07101]  (Number of Individuals = 39)
****************
--------------------------------------------------------------------------
Lowest Allele Frequency Used     0.050       0.020       0.010         0+   
--------------------------------------------------------------------------
Harmonic Mean Sample Size =       34.4        34.2        34.4        34.4
Independent Comparisons =     204242      272701      340942      340942
OverAll r^2 =                  0.03561     0.03518     0.03453     0.03453
Expected r^2 Sample =          0.03036     0.03049     0.03041     0.03041
Estimated Ne^ =                   61.3        68.9        78.7        78.7

95% CIs for Ne^
* Parametric                      58.8        66.2        75.6        75.6
                                  64.1        71.9        82.1        82.1

* CIs by Jackknife are skipped when number of polymorphic loci > 100

**************************************************************************
Non-polymorphic loci:     3,     6,     9,    10,    13,    17,    18,    19,
           21,    22,    23,    24,    26,    27,    28,    30,    31,    32,
           33,    34,    36,    38,    40,    41,    42,    43,    44,    47,
           50,    53,    54,    55,    62,    64,    71,    73,    74,    79,
           82,    86,    87,    88,    89,    90,    91,    92,    94,    95,
           96,    97,    98,    99,   101,   102,   103,   104,   107,   108,
          109,   110,   112,   113,   115,   116,   117,   120,   121,   123,
          124,   125,   126,   127,   129,   130,   131,   133,   134,   136,
          140,   142,   143,   144,   145,   149,   150,   152,   155,   156,
          158,   159,   160,   161,   164,   166,   167,   168,   169,   170,
          171,   174,   176,   177,   180,   181,   185,   189,   200,   201,
          202,   204,   205,   210,   215,   216,   218,   220,   224,   225,
          226,   229,   230,   232,   233,   234,   235,   237,   239,   240,
          241,   242,   244,   245,   246,   247,   249,   251,   254,   257,
          258,   261,   262,   264,   266,   268,   269,   270,   275,   277,
          278,   279,   280,   283,   286,   287,   288,   289,   291,   294,
          295,   296,   297,   299,   306,   308,   309,   310,   314,   315,
          317,   318,   319,   321,   322,   324,   325,   326,   330,   331,
          332,   333,   339,   341,   344,   347,   349,   351,   353,   355,
          356,   357,   360,   363,   365,   367,   376,   377,   379,   382,
          383,   385,   387,   389,   390,   393,   395,   397,   398,   399,
          400,   401,   404,   405,   406,   408,   410,   415,   416,   419,
          422,   423,   424,   425,   426,   428,   429,   432,   433,   434,
          435,   436,   440,   442,   443,   444,   449,   450,   453,   454,
          455,   456,   457,   459,   463,   466,   468,   469,   470,   475,
          476,   479,   483,   484,   485,   486,   487,   489,   490,   491,
          493,   495,   496,   497,   498,   504,   505,   506,   507,   510,
          511,   514,   515,   518,   519,   521,   522,   523,   525,   527,
          530,   534,   537,   538,   539,   540,   542,   543,   546,   547,
          548,   549,   551,   552,   553,   554,   555,   556,   557,   558,
          559,   560,   561,   562,   566,   567,   569,   572,   573,   574,
          575,   576,   578,   581,   584,   586,   587,   589,   590,   593,
          594,   596,   598,   599,   601,   606,   608,   609,   611,   612,
          613,   615,   616,   617,   619,   621,   623,   624,   626,   628,
          631,   632,   634,   635,   637,   639,   640,   641,   642,   644,
          645,   652,   653,   655,   656,   657,   659,   661,   662,   663,
          666,   668,   669,   671,   672,   675,   676,   677,   678,   679,
          681,   683,   686,   688,   689,   691,   692,   697,   699,   701,
          703,   704,   705,   708,   710,   711,   712,   713,   715,   716,
          717,   718,   719,   722,   723,   725,   726,   727,   728,   729,
          730,   732,   733,   734,   737,   739,   740,   741,   742,   744,
          746,   747,   748,   749,   751,   755,   757,   758,   759,   760,
          762,   763,   764,   765,   770,   772,   774,   778,   779,   780,
          782,   785,   787,   789,   790,   791,   793,   795,   796,   797,
          798,   799,   800,   805,   807,   808,   809,   810,   812,   815,
          816,   817,   818,   819,   820,   821,   823,   824,   825,   826,
          829,   830,   834,   838,   839,   845,   846,   847,   849,   850,
          853,   854,   855,   856,   859,   860,   861,   862,   868,   869,
          870,   871,   872,   874,   876,   877,   878,   879,   881,   883,
          884,   890,   893,   894,   897,   899,   901,   902,   903,   904,
          906,   907,   909,   911,   912,   913,   916,   919,   921,   923,
          929,   930,   932,   933,   934,   935,   936,   937,   938,   940,
          941,   943,   944,   945,   946,   951,   953,   955,   956,   958,
          959,   963,   964,   965,   966,   967,   970,   971,   974,   978,
          980,   983,   984,   985,   986,   990,   996,   998,   999,  1002,
         1003,  1004,  1005,  1006,  1010,  1011,  1012,  1015,  1016,  1019,
         1020,  1021,  1023,  1026,  1027,  1028,  1029,  1030,  1031,  1032,
         1037,  1038,  1039,  1040,  1042,  1043,  1044,  1046,  1048,  1050,
         1051,  1052,  1053,  1054,  1055,  1061,  1063,  1064,  1065,  1067,
         1071,  1072,  1073,  1074,  1075,  1076,  1077,  1079,  1082,  1084,
         1088,  1089,  1090,  1091,  1092,  1095,  1101,  1102,  1103,  1106,
         1107,  1108,  1109,  1111,  1113,  1114,  1115,  1117,  1118,  1119,
         1122,  1124,  1128,  1129,  1130,  1132,  1133,  1134,  1135,  1138,
         1140,  1142,  1143,  1144,  1147,  1148,  1151,  1152,  1153,  1155,
         1161,  1163,  1164,  1165,  1167,  1168,  1169,  1171,  1173,  1175,
         1176,  1177,  1178,  1180,  1181,  1182,  1184,  1187,  1188,  1189,
         1190,  1192,  1193,  1197,  1198,  1199,  1200,  1202,  1203,  1205,
         1207,  1208,  1212,  1213,  1217,  1218,  1221,  1223,  1225,  1226,
         1227,  1228,  1230,  1236,  1240,  1243,  1244,  1248,  1250,  1251,
         1252,  1253,  1254,  1256,  1262,  1263,  1264,  1267,  1268,  1270,
         1272,  1276,  1277,  1278,  1279,  1280,  1281,  1282,  1283,  1285,
         1289,  1290,  1291,  1294,  1295,  1296,  1297,  1298,  1299,  1301,
         1302,  1303,  1304,  1309,  1311,  1313,  1316,  1318,  1319,  1320,
         1321,  1322,  1324,  1327,  1328,  1329,  1331,  1333,  1334,  1335,
         1337,  1338,  1339,  1346,  1347,  1350,  1354,  1355,  1356,  1357,
         1360,  1362,  1365,  1366,  1369,  1373,  1374,  1375,  1380,  1381,
         1382,  1385,  1389,  1390,  1391,  1392,  1395,  1396,  1399,  1402,
         1404,  1405,  1409,  1410,  1412,  1413,  1414,  1415,  1416,  1419,
         1420,  1421,  1422,  1423,  1424,  1425,  1429,  1430,  1432,  1433,
         1434,  1435,  1436,  1437,  1441,  1442,  1446,  1447,  1450,  1451,
         1452,  1454,  1455,  1460,  1462,  1463,  1467,  1468,  1473,  1475,
         1476,  1477,  1479,  1480,  1482,  1483,  1485,  1487,  1488,  1492,
         1496,  1497,  1498,  1499,  1501,  1502,  1504,  1505,  1506,  1507,
         1513,  1514,  1516,  1517,  1519,  1520,  1526,  1527,  1528,  1530,
         1536,  1538,  1539,  1540,  1541,  1542,  1544,  1549,  1551,  1557,
         1558,  1560,  1563,  1565,  1566,  1567,  1568,  1569,  1570,  1572,
         1573,  1577,  1578,  1579,  1580,  1582,  1583,  1584,  1585,  1586,
         1588,  1591,  1593,  1594,  1595,  1598,  1599,  1601,  1602,  1603,
         1606,  1607,  1608,  1609,  1610,  1611,  1613,  1617,  1619,  1620,
         1621,  1623,  1624,  1625,  1627,  1628,  1631,  1632,  1633,  1634,
         1635,  1638,  1643,  1645,  1647,  1650,  1651,  1652,  1653,  1654,
         1657,  1658,  1661,  1668,  1671,  1673,  1674,  1675,  1677,  1680,
         1683,  1684,  1686,  1687,  1689,  1691,  1692,  1693,  1694,  1695,
         1696,  1697,  1698,  1699,  1702,  1706,  1708,  1711,  1713,  1715,
         1719,  1720,  1721,  1722,  1723,  1726,  1728,  1730,  1732,  1734,
         1735,  1736,  1737,  1738,  1740,  1742,  1746,  1748,  1751,  1752,
         1753,  1754,  1756,  1758,  1763,  1765,  1768,  1769,  1771,  1772,
         1774,  1777,  1780,  1781,  1782,  1784,  1786,  1787,  1789,  1792,
         1793,  1794,  1797,  1798,  1802,  1803,  1805,  1808,  1810,  1813,
         1814,  1816,  1818,  1821,  1822,  1825,  1826,  1827,  1828,  1829,
         1830,  1831,  1832,  1835,  1836,  1841,  1842,  1844,  1845,  1846,
         1849,  1851,  1852,  1853,  1854,  1855,  1859,  1860,  1861,  1862,
         1864,  1867,  1868,  1874,  1876,  1877,  1878,  1879,  1882,  1884,
         1885,  1886,  1888,  1894,  1903,  1905,  1906,  1907,  1910,  1913,
         1914,  1917,  1918,  1921,  1924,  1925,  1930,  1931,  1932,  1933,
         1934,  1938,  1939,  1941,  1944,  1946,  1948,  1953,  1957,  1962,
         1964,  1965,  1967,  1968,  1969,  1972,  1973,  1976,  1979,  1981,
         1983,  1984,  1986,  1988,  1990,  1993,  1994,  1995,  1996,  1998,
         1999
Total non-polymorphic = 1079


Population     3 [PilgrimRiver_25_24098]  (Number of Individuals = 21)
****************
--------------------------------------------------------------------------
Lowest Allele Frequency Used     0.050       0.020       0.010         0+   
--------------------------------------------------------------------------
Harmonic Mean Sample Size =       20.0        20.1        20.1        20.1
Independent Comparisons =     232626      420926      420926      420926
OverAll r^2 =                  0.06748     0.06521     0.06521     0.06521
Expected r^2 Sample =          0.05728     0.05704     0.05704     0.05704
Estimated Ne^ =                   28.4        36.0        36.0        36.0

95% CIs for Ne^
* Parametric                      27.3        34.7        34.7        34.7
                                  29.6        37.3        37.3        37.3

* CIs by Jackknife are skipped when number of polymorphic loci > 100

**************************************************************************
Non-polymorphic loci:    19,    20,    22,    23,    27,    29,    31,    33,
           35,    40,    41,    42,    45,    49,    60,    61,    64,    80,
           81,    84,    90,    93,    97,    98,    99,   106,   107,   112,
          113,   130,   137,   138,   139,   147,   152,   157,   158,   159,
          167,   171,   172,   175,   176,   177,   181,   182,   187,   191,
          193,   194,   207,   208,   209,   211,   213,   217,   221,   227,
          228,   229,   233,   244,   252,   256,   257,   262,   266,   275,
          276,   277,   278,   280,   281,   292,   294,   295,   296,   298,
          302,   303,   304,   305,   308,   311,   312,   313,   316,   317,
          321,   323,   325,   334,   339,   342,   343,   345,   348,   353,
          365,   366,   371,   380,   381,   384,   386,   391,   405,   407,
          412,   416,   417,   419,   424,   426,   438,   440,   447,   449,
          454,   458,   469,   470,   479,   482,   483,   492,   494,   497,
          498,   501,   504,   505,   509,   515,   516,   518,   520,   522,
          526,   528,   531,   532,   534,   538,   540,   542,   547,   548,
          551,   553,   558,   559,   560,   565,   570,   571,   573,   574,
          579,   588,   589,   592,   593,   594,   601,   605,   608,   610,
          612,   617,   618,   620,   630,   638,   641,   646,   647,   649,
          651,   653,   656,   657,   667,   671,   672,   677,   678,   684,
          685,   689,   690,   692,   695,   700,   710,   715,   719,   721,
          723,   729,   731,   738,   739,   742,   752,   761,   762,   763,
          767,   776,   779,   780,   782,   784,   785,   786,   787,   789,
          800,   804,   805,   816,   817,   819,   820,   821,   823,   825,
          830,   834,   841,   844,   846,   848,   850,   854,   859,   864,
          868,   873,   880,   882,   889,   891,   907,   909,   911,   915,
          916,   919,   920,   929,   930,   931,   933,   935,   941,   944,
          946,   947,   954,   957,   968,   972,   974,   977,   979,   986,
          987,   989,  1008,  1011,  1013,  1015,  1020,  1021,  1026,  1027,
         1030,  1037,  1038,  1041,  1045,  1047,  1050,  1052,  1058,  1062,
         1063,  1067,  1071,  1072,  1074,  1080,  1082,  1083,  1086,  1087,
         1088,  1093,  1100,  1105,  1114,  1120,  1127,  1128,  1131,  1143,
         1146,  1148,  1153,  1154,  1160,  1161,  1164,  1172,  1173,  1174,
         1178,  1183,  1185,  1188,  1192,  1193,  1195,  1205,  1206,  1208,
         1211,  1213,  1219,  1220,  1222,  1225,  1228,  1232,  1237,  1252,
         1257,  1264,  1265,  1272,  1274,  1275,  1282,  1284,  1285,  1291,
         1293,  1297,  1300,  1301,  1314,  1318,  1321,  1329,  1330,  1332,
         1338,  1339,  1341,  1342,  1343,  1344,  1356,  1360,  1361,  1367,
         1372,  1383,  1386,  1390,  1394,  1395,  1398,  1403,  1409,  1411,
         1415,  1418,  1420,  1427,  1428,  1431,  1433,  1439,  1443,  1444,
         1449,  1455,  1461,  1463,  1470,  1476,  1479,  1487,  1488,  1490,
         1491,  1492,  1501,  1503,  1505,  1506,  1507,  1509,  1512,  1524,
         1528,  1533,  1535,  1550,  1558,  1562,  1563,  1569,  1570,  1571,
         1572,  1578,  1590,  1603,  1604,  1605,  1620,  1628,  1636,  1637,
         1641,  1643,  1645,  1646,  1650,  1652,  1653,  1654,  1658,  1662,
         1668,  1671,  1673,  1690,  1692,  1697,  1707,  1709,  1710,  1713,
         1718,  1725,  1726,  1740,  1741,  1747,  1749,  1753,  1756,  1759,
         1761,  1764,  1765,  1774,  1775,  1782,  1788,  1789,  1792,  1794,
         1798,  1800,  1802,  1807,  1808,  1809,  1813,  1816,  1819,  1822,
         1827,  1831,  1833,  1835,  1837,  1839,  1840,  1842,  1845,  1851,
         1852,  1853,  1861,  1878,  1880,  1881,  1889,  1891,  1893,  1896,
         1906,  1914,  1917,  1918,  1924,  1926,  1930,  1931,  1934,  1939,
         1944,  1949,  1952,  1960,  1964,  1977,  1978,  1983,  1984,  1987,
         1990,  1996,  2000
Total non-polymorphic = 521


Population     4 [Seeforellen_WI_25_24001]  (Number of Individuals = 42)
****************
--------------------------------------------------------------------------
Lowest Allele Frequency Used     0.050       0.020       0.010         0+   
--------------------------------------------------------------------------
Harmonic Mean Sample Size =       40.1        40.3        40.3        40.3
Independent Comparisons =     490189      908415     1088608     1088608
OverAll r^2 =                  0.03003     0.02933     0.02891     0.02891
Expected r^2 Sample =          0.02648     0.02638     0.02640     0.02640
Estimated Ne^ =                   91.8       110.9       131.0       131.0

95% CIs for Ne^
* Parametric                      88.7       107.7       127.1       127.1
                                  95.0       114.2       135.3       135.3

* CIs by Jackknife are skipped when number of polymorphic loci > 100

**************************************************************************
Non-polymorphic loci:     3,     6,     9,    10,    13,    17,    23,    24,
           26,    27,    28,    29,    30,    31,    32,    33,    34,    38,
           40,    41,    43,    44,    47,    48,    49,    50,    54,    55,
           60,    62,    64,    71,    73,    74,    79,    82,    84,    86,
           87,    88,    89,    91,    92,    94,    96,    98,   101,   102,
          103,   104,   106,   108,   109,   110,   113,   114,   115,   116,
          117,   119,   120,   121,   123,   124,   125,   126,   127,   129,
          130,   131,   133,   136,   137,   138,   140,   142,   143,   144,
          145,   149,   150,   152,   155,   156,   158,   159,   160,   161,
          163,   164,   166,   167,   168,   169,   170,   171,   172,   174,
          175,   176,   177,   179,   185,   187,   189,   191,   193,   196,
          200,   202,   204,   205,   207,   210,   211,   213,   215,   216,
          218,   220,   221,   224,   225,   230,   232,   233,   234,   235,
          237,   239,   240,   241,   242,   244,   245,   246,   247,   249,
          251,   254,   256,   257,   258,   261,   264,   266,   268,   269,
          270,   279,   280,   283,   286,   287,   288,   289,   291,   292,
          296,   297,   299,   300,   302,   304,   305,   306,   308,   309,
          310,   311,   314,   315,   316,   317,   318,   319,   322,   323,
          324,   326,   330,   331,   332,   333,   339,   341,   344,   345,
          347,   349,   351,   355,   356,   357,   360,   363,   365,   369,
          376,   377,   379,   380,   383,   385,   386,   387,   389,   390,
          393,   395,   397,   398,   399,   400,   404,   408,   410,   412,
          416,   419,   422,   423,   425,   426,   428,   429,   430,   431,
          432,   433,   434,   435,   436,   438,   440,   442,   443,   444,
          449,   450,   454,   455,   456,   457,   458,   459,   462,   463,
          465,   466,   468,   475,   476,   482,   484,   485,   486,   487,
          489,   490,   493,   495,   497,   498,   506,   507,   515,   516,
          518,   519,   522,   525,   526,   527,   530,   537,   538,   539,
          543,   546,   548,   551,   552,   553,   554,   555,   558,   561,
          562,   566,   567,   569,   572,   574,   575,   576,   578,   579,
          581,   582,   583,   586,   587,   589,   590,   591,   592,   593,
          594,   596,   599,   605,   606,   609,   610,   612,   615,   616,
          617,   618,   620,   621,   623,   624,   625,   627,   628,   629,
          631,   632,   634,   635,   637,   639,   640,   641,   644,   645,
          651,   653,   655,   659,   661,   662,   663,   666,   667,   668,
          669,   672,   675,   676,   678,   679,   681,   683,   686,   688,
          691,   692,   694,   697,   700,   701,   703,   704,   705,   708,
          710,   711,   715,   716,   717,   718,   719,   722,   723,   725,
          726,   727,   728,   730,   731,   732,   733,   734,   737,   739,
          741,   744,   745,   746,   747,   748,   749,   751,   752,   755,
          757,   758,   759,   760,   761,   762,   763,   764,   765,   770,
          772,   774,   778,   779,   780,   786,   787,   788,   789,   790,
          791,   793,   795,   797,   798,   799,   800,   807,   809,   810,
          812,   815,   817,   818,   820,   826,   827,   829,   838,   839,
          841,   843,   845,   846,   848,   849,   852,   853,   854,   855,
          856,   859,   860,   861,   862,   863,   868,   869,   871,   872,
          873,   874,   877,   878,   879,   880,   883,   884,   889,   890,
          893,   894,   897,   899,   901,   902,   903,   904,   906,   909,
          910,   911,   912,   913,   916,   919,   920,   923,   926,   928,
          929,   930,   931,   934,   935,   936,   937,   938,   940,   941,
          943,   944,   945,   946,   947,   951,   953,   955,   956,   959,
          963,   965,   966,   967,   970,   971,   972,   974,   978,   979,
          980,   983,   985,   986,   987,   989,   992,   996,   998,   999,
         1000,  1002,  1003,  1005,  1006,  1010,  1011,  1012,  1013,  1015,
         1016,  1019,  1023,  1025,  1026,  1027,  1028,  1029,  1031,  1032,
         1039,  1040,  1041,  1042,  1043,  1044,  1046,  1047,  1048,  1051,
         1053,  1054,  1055,  1061,  1062,  1064,  1067,  1073,  1075,  1076,
         1077,  1079,  1080,  1084,  1086,  1087,  1088,  1089,  1091,  1093,
         1094,  1095,  1099,  1100,  1101,  1102,  1103,  1104,  1105,  1106,
         1108,  1109,  1111,  1113,  1114,  1115,  1117,  1118,  1120,  1122,
         1124,  1126,  1127,  1129,  1130,  1132,  1133,  1135,  1140,  1142,
         1143,  1144,  1146,  1147,  1148,  1150,  1151,  1152,  1153,  1154,
         1155,  1160,  1161,  1163,  1164,  1165,  1167,  1168,  1169,  1171,
         1172,  1175,  1176,  1177,  1178,  1180,  1181,  1182,  1184,  1187,
         1188,  1189,  1190,  1192,  1197,  1198,  1199,  1200,  1202,  1203,
         1205,  1207,  1211,  1212,  1213,  1218,  1219,  1221,  1222,  1225,
         1228,  1236,  1237,  1238,  1240,  1243,  1244,  1248,  1250,  1251,
         1253,  1254,  1256,  1263,  1265,  1267,  1270,  1275,  1277,  1279,
         1280,  1281,  1282,  1283,  1284,  1285,  1286,  1289,  1290,  1293,
         1295,  1296,  1298,  1299,  1300,  1301,  1302,  1303,  1304,  1311,
         1313,  1316,  1317,  1318,  1319,  1320,  1321,  1322,  1324,  1325,
         1327,  1328,  1329,  1331,  1333,  1335,  1337,  1338,  1341,  1342,
         1344,  1346,  1347,  1350,  1354,  1355,  1357,  1360,  1362,  1365,
         1366,  1369,  1372,  1373,  1374,  1375,  1380,  1381,  1382,  1385,
         1386,  1389,  1391,  1392,  1394,  1396,  1399,  1402,  1403,  1404,
         1405,  1408,  1410,  1411,  1412,  1414,  1416,  1419,  1420,  1421,
         1424,  1425,  1429,  1430,  1431,  1432,  1433,  1434,  1435,  1436,
         1437,  1438,  1440,  1441,  1442,  1444,  1446,  1447,  1450,  1451,
         1452,  1454,  1459,  1460,  1462,  1463,  1467,  1468,  1469,  1470,
         1473,  1475,  1477,  1479,  1482,  1483,  1485,  1487,  1490,  1491,
         1492,  1496,  1497,  1498,  1499,  1502,  1503,  1504,  1505,  1506,
         1513,  1514,  1516,  1517,  1518,  1526,  1527,  1530,  1533,  1536,
         1538,  1539,  1540,  1541,  1542,  1544,  1547,  1548,  1549,  1551,
         1553,  1557,  1558,  1559,  1560,  1561,  1562,  1563,  1565,  1566,
         1567,  1568,  1569,  1572,  1573,  1574,  1576,  1577,  1578,  1579,
         1580,  1583,  1584,  1585,  1586,  1588,  1589,  1590,  1594,  1595,
         1598,  1599,  1601,  1602,  1604,  1605,  1606,  1607,  1608,  1609,
         1610,  1611,  1613,  1617,  1619,  1620,  1621,  1623,  1624,  1625,
         1627,  1628,  1631,  1632,  1633,  1634,  1635,  1636,  1638,  1643,
         1646,  1647,  1651,  1654,  1657,  1658,  1661,  1668,  1671,  1674,
         1675,  1677,  1680,  1683,  1684,  1686,  1687,  1689,  1690,  1691,
         1692,  1693,  1694,  1696,  1697,  1698,  1699,  1702,  1705,  1706,
         1708,  1710,  1713,  1716,  1717,  1718,  1719,  1720,  1721,  1722,
         1723,  1725,  1726,  1728,  1730,  1734,  1735,  1736,  1737,  1738,
         1741,  1742,  1746,  1747,  1748,  1751,  1752,  1754,  1756,  1761,
         1763,  1765,  1768,  1769,  1771,  1772,  1774,  1777,  1780,  1781,
         1782,  1784,  1786,  1787,  1792,  1793,  1794,  1795,  1796,  1797,
         1798,  1803,  1805,  1806,  1807,  1808,  1809,  1810,  1814,  1815,
         1816,  1818,  1819,  1821,  1822,  1825,  1826,  1828,  1829,  1830,
         1831,  1832,  1833,  1836,  1837,  1840,  1841,  1844,  1845,  1846,
         1850,  1851,  1852,  1854,  1855,  1859,  1860,  1862,  1864,  1867,
         1868,  1874,  1876,  1877,  1879,  1882,  1883,  1884,  1885,  1886,
         1889,  1894,  1896,  1897,  1905,  1906,  1907,  1913,  1921,  1924,
         1925,  1930,  1931,  1932,  1933,  1934,  1941,  1944,  1946,  1948,
         1952,  1953,  1957,  1962,  1964,  1965,  1967,  1968,  1969,  1972,
         1973,  1978,  1979,  1981,  1983,  1984,  1985,  1986,  1987,  1988,
         1990,  1993,  1994,  1997,  1999,  2000
Total non-polymorphic = 1064


Population     5 [Sturgeon_River_25_16831]  (Number of Individuals = 40)
****************
--------------------------------------------------------------------------
Lowest Allele Frequency Used     0.050       0.020       0.010         0+   
--------------------------------------------------------------------------
Harmonic Mean Sample Size =       38.8        38.7        38.8        38.8
Independent Comparisons =     216845      313271      435667      435667
OverAll r^2 =                  0.03004     0.02999     0.02934     0.02934
Expected r^2 Sample =          0.02768     0.02771     0.02768     0.02768
Estimated Ne^ =                  139.3       144.4       198.2       198.2

95% CIs for Ne^
* Parametric                     129.2       135.4       184.3       184.3
                                 150.8       154.6       214.1       214.1

* CIs by Jackknife are skipped when number of polymorphic loci > 100

**************************************************************************
Non-polymorphic loci:     2,     3,     4,     6,     9,    10,    11,    13,
           17,    18,    20,    21,    22,    24,    26,    27,    28,    29,
           30,    31,    32,    33,    34,    36,    38,    40,    41,    42,
           44,    47,    48,    49,    50,    52,    54,    55,    60,    61,
           62,    64,    65,    66,    69,    71,    73,    74,    79,    81,
           82,    83,    84,    86,    87,    88,    89,    90,    91,    92,
           93,    94,    96,    97,    98,    99,   101,   102,   103,   104,
          106,   107,   108,   109,   110,   112,   114,   115,   116,   117,
          119,   120,   121,   123,   124,   125,   126,   127,   129,   130,
          131,   133,   134,   135,   137,   138,   140,   142,   143,   144,
          145,   149,   150,   152,   155,   156,   158,   159,   160,   161,
          163,   164,   166,   168,   169,   170,   172,   173,   174,   175,
          177,   178,   179,   180,   185,   186,   187,   189,   191,   193,
          194,   196,   197,   200,   201,   202,   204,   205,   207,   208,
          210,   213,   214,   215,   216,   217,   218,   220,   221,   224,
          225,   226,   229,   230,   232,   234,   235,   237,   239,   240,
          241,   242,   244,   245,   246,   247,   249,   250,   251,   252,
          254,   255,   256,   257,   258,   261,   262,   264,   266,   268,
          269,   270,   275,   276,   277,   278,   279,   280,   283,   286,
          287,   288,   289,   290,   291,   292,   294,   295,   296,   299,
          301,   302,   303,   304,   305,   306,   309,   310,   311,   312,
          314,   315,   316,   317,   318,   319,   322,   323,   324,   325,
          326,   328,   330,   331,   332,   333,   336,   337,   339,   340,
          341,   342,   343,   344,   345,   347,   349,   351,   353,   355,
          356,   357,   360,   363,   365,   367,   368,   369,   372,   374,
          376,   377,   378,   379,   382,   383,   384,   385,   386,   387,
          389,   390,   393,   394,   395,   397,   398,   399,   400,   404,
          405,   406,   407,   408,   410,   411,   413,   414,   415,   417,
          418,   419,   420,   422,   423,   424,   425,   426,   427,   428,
          429,   430,   431,   432,   433,   434,   435,   436,   438,   440,
          442,   443,   444,   447,   449,   450,   452,   453,   454,   455,
          456,   458,   459,   461,   462,   463,   465,   466,   468,   469,
          470,   475,   476,   479,   483,   485,   486,   487,   489,   490,
          491,   492,   493,   494,   496,   497,   499,   504,   506,   507,
          509,   510,   511,   516,   518,   519,   520,   521,   522,   523,
          525,   526,   527,   530,   531,   534,   537,   538,   540,   543,
          546,   547,   548,   549,   551,   552,   554,   555,   556,   558,
          559,   560,   561,   562,   565,   566,   567,   568,   569,   570,
          572,   573,   574,   575,   576,   577,   578,   579,   581,   582,
          583,   584,   585,   586,   587,   588,   589,   590,   591,   592,
          594,   596,   598,   599,   600,   601,   605,   606,   608,   609,
          610,   611,   612,   615,   616,   617,   618,   620,   621,   623,
          624,   625,   626,   627,   628,   631,   632,   634,   635,   637,
          639,   640,   641,   642,   644,   645,   647,   649,   650,   651,
          652,   655,   656,   659,   660,   661,   662,   663,   666,   667,
          668,   669,   672,   675,   676,   677,   678,   679,   681,   683,
          685,   686,   687,   688,   689,   690,   691,   693,   695,   697,
          700,   701,   703,   704,   705,   708,   710,   711,   713,   716,
          718,   721,   722,   725,   726,   727,   728,   730,   732,   733,
          734,   737,   739,   740,   741,   742,   744,   745,   746,   747,
          749,   751,   752,   755,   757,   758,   759,   760,   761,   762,
          763,   764,   765,   770,   772,   773,   774,   776,   778,   779,
          780,   781,   782,   783,   784,   785,   786,   787,   789,   790,
          791,   793,   795,   796,   797,   798,   799,   800,   801,   803,
          804,   807,   809,   810,   812,   813,   815,   816,   817,   818,
          819,   820,   821,   823,   824,   825,   826,   829,   830,   834,
          838,   839,   841,   843,   845,   848,   849,   852,   853,   854,
          855,   856,   859,   860,   861,   862,   863,   864,   865,   866,
          868,   869,   870,   872,   873,   874,   877,   878,   879,   880,
          881,   883,   884,   889,   890,   891,   893,   894,   895,   896,
          897,   899,   901,   902,   903,   904,   906,   907,   908,   909,
          910,   911,   912,   913,   914,   915,   916,   917,   919,   920,
          923,   926,   927,   928,   929,   931,   933,   934,   935,   936,
          937,   938,   940,   941,   944,   945,   946,   947,   951,   953,
          955,   956,   957,   958,   959,   963,   964,   965,   966,   967,
          970,   971,   972,   973,   974,   976,   977,   978,   979,   980,
          983,   984,   985,   987,   988,   991,   992,   996,   997,   998,
          999,  1000,  1002,  1003,  1005,  1006,  1007,  1008,  1009,  1010,
         1011,  1012,  1013,  1016,  1019,  1020,  1021,  1023,  1024,  1026,
         1027,  1028,  1029,  1030,  1031,  1032,  1036,  1037,  1038,  1039,
         1040,  1041,  1042,  1043,  1044,  1046,  1048,  1050,  1051,  1052,
         1053,  1054,  1055,  1057,  1061,  1062,  1063,  1064,  1065,  1067,
         1068,  1071,  1072,  1073,  1074,  1075,  1076,  1077,  1079,  1082,
         1084,  1086,  1088,  1089,  1090,  1091,  1092,  1093,  1094,  1095,
         1096,  1097,  1099,  1100,  1101,  1102,  1103,  1104,  1105,  1106,
         1107,  1108,  1109,  1111,  1113,  1114,  1115,  1117,  1118,  1119,
         1120,  1121,  1122,  1124,  1126,  1127,  1129,  1130,  1131,  1132,
         1133,  1135,  1138,  1140,  1141,  1142,  1144,  1146,  1147,  1148,
         1150,  1151,  1152,  1153,  1155,  1156,  1159,  1161,  1163,  1164,
         1165,  1167,  1168,  1169,  1171,  1172,  1173,  1174,  1175,  1176,
         1177,  1178,  1179,  1180,  1181,  1182,  1184,  1185,  1187,  1188,
         1189,  1190,  1192,  1193,  1195,  1196,  1197,  1198,  1199,  1200,
         1202,  1203,  1204,  1205,  1207,  1208,  1210,  1211,  1212,  1213,
         1217,  1218,  1219,  1220,  1221,  1222,  1223,  1225,  1228,  1231,
         1232,  1234,  1236,  1238,  1240,  1243,  1244,  1245,  1247,  1248,
         1250,  1251,  1252,  1253,  1254,  1256,  1259,  1262,  1263,  1264,
         1265,  1267,  1270,  1272,  1274,  1275,  1276,  1277,  1278,  1279,
         1280,  1281,  1282,  1283,  1284,  1285,  1286,  1287,  1289,  1290,
         1291,  1293,  1294,  1295,  1296,  1298,  1299,  1300,  1301,  1302,
         1303,  1304,  1306,  1309,  1311,  1312,  1313,  1314,  1316,  1318,
         1319,  1320,  1321,  1322,  1324,  1325,  1327,  1328,  1329,  1331,
         1333,  1334,  1335,  1337,  1338,  1339,  1341,  1342,  1343,  1346,
         1347,  1348,  1350,  1352,  1354,  1355,  1356,  1357,  1358,  1360,
         1361,  1362,  1365,  1366,  1369,  1372,  1373,  1374,  1375,  1378,
         1379,  1380,  1381,  1382,  1383,  1384,  1385,  1386,  1387,  1388,
         1389,  1390,  1391,  1392,  1393,  1394,  1395,  1396,  1398,  1399,
         1402,  1403,  1404,  1405,  1409,  1410,  1411,  1412,  1414,  1415,
         1416,  1418,  1419,  1420,  1421,  1424,  1425,  1427,  1429,  1430,
         1431,  1432,  1434,  1435,  1436,  1437,  1438,  1439,  1440,  1441,
         1442,  1443,  1444,  1446,  1447,  1448,  1449,  1450,  1451,  1452,
         1454,  1455,  1456,  1459,  1460,  1462,  1464,  1465,  1467,  1468,
         1469,  1472,  1473,  1474,  1475,  1477,  1479,  1480,  1482,  1483,
         1484,  1485,  1487,  1488,  1490,  1491,  1496,  1497,  1498,  1499,
         1501,  1502,  1503,  1504,  1505,  1506,  1507,  1508,  1509,  1513,
         1514,  1516,  1517,  1518,  1519,  1521,  1522,  1523,  1526,  1527,
         1530,  1531,  1533,  1535,  1536,  1538,  1539,  1540,  1541,  1542,
         1544,  1545,  1547,  1548,  1549,  1551,  1553,  1557,  1558,  1559,
         1560,  1561,  1562,  1565,  1566,  1567,  1568,  1570,  1572,  1573,
         1574,  1575,  1576,  1577,  1578,  1579,  1580,  1581,  1583,  1585,
         1586,  1588,  1589,  1590,  1594,  1595,  1597,  1598,  1599,  1601,
         1602,  1603,  1604,  1605,  1606,  1607,  1608,  1609,  1610,  1611,
         1613,  1614,  1617,  1619,  1621,  1623,  1624,  1625,  1627,  1628,
         1629,  1631,  1632,  1633,  1634,  1635,  1636,  1638,  1639,  1640,
         1641,  1643,  1645,  1646,  1647,  1648,  1649,  1650,  1651,  1652,
         1653,  1654,  1657,  1658,  1661,  1663,  1666,  1667,  1670,  1671,
         1672,  1673,  1674,  1675,  1677,  1680,  1683,  1684,  1685,  1686,
         1687,  1689,  1690,  1691,  1692,  1693,  1694,  1695,  1696,  1698,
         1699,  1702,  1703,  1705,  1706,  1708,  1710,  1711,  1713,  1715,
         1716,  1717,  1718,  1719,  1720,  1721,  1722,  1723,  1725,  1726,
         1727,  1728,  1730,  1733,  1734,  1735,  1736,  1737,  1738,  1741,
         1742,  1746,  1747,  1748,  1750,  1751,  1752,  1754,  1755,  1756,
         1759,  1761,  1763,  1764,  1765,  1766,  1768,  1769,  1771,  1772,
         1775,  1776,  1777,  1780,  1781,  1782,  1784,  1785,  1786,  1787,
         1788,  1789,  1792,  1793,  1794,  1795,  1796,  1797,  1798,  1803,
         1805,  1807,  1809,  1810,  1812,  1813,  1814,  1815,  1816,  1817,
         1818,  1819,  1821,  1822,  1825,  1826,  1827,  1828,  1829,  1830,
         1831,  1832,  1833,  1835,  1836,  1839,  1840,  1841,  1844,  1846,
         1848,  1849,  1850,  1851,  1853,  1854,  1855,  1857,  1859,  1860,
         1861,  1862,  1864,  1867,  1868,  1869,  1874,  1877,  1878,  1879,
         1880,  1881,  1882,  1883,  1884,  1885,  1886,  1888,  1889,  1891,
         1892,  1893,  1894,  1896,  1897,  1899,  1900,  1902,  1905,  1906,
         1907,  1910,  1913,  1914,  1916,  1917,  1918,  1921,  1923,  1925,
         1926,  1927,  1929,  1930,  1932,  1933,  1934,  1935,  1937,  1938,
         1939,  1941,  1942,  1944,  1946,  1948,  1952,  1953,  1954,  1957,
         1962,  1964,  1965,  1967,  1968,  1969,  1972,  1973,  1976,  1977,
         1978,  1979,  1981,  1985,  1986,  1988,  1989,  1990,  1991,  1993,
         1994,  1996,  1997,  1998,  1999,  2000
Total non-polymorphic = 1364


Population     6 [WhetstoneCreek_25_03501]  (Number of Individuals = 55)
****************
--------------------------------------------------------------------------
Lowest Allele Frequency Used     0.050       0.020       0.010         0+   
--------------------------------------------------------------------------
Harmonic Mean Sample Size =       52.6        52.4        52.0        52.1
Independent Comparisons =     144531      168701      183542      201270
OverAll r^2 =                  0.02982     0.02989     0.02983     0.02909
Expected r^2 Sample =          0.01994     0.01999     0.02010     0.02008
Estimated Ne^ =                   31.5        31.5        32.1        34.8

95% CIs for Ne^
* Parametric                      30.8        30.8        31.4        34.1
                                  32.3        32.2        32.8        35.5

* CIs by Jackknife are skipped when number of polymorphic loci > 100

**************************************************************************
Non-polymorphic loci:     2,     3,     6,     9,    13,    14,    16,    17,
           19,    21,    22,    23,    24,    26,    27,    28,    30,    31,
           32,    33,    34,    36,    38,    39,    41,    42,    43,    44,
           47,    48,    49,    50,    53,    54,    55,    60,    61,    62,
           64,    65,    71,    73,    74,    79,    81,    82,    84,    85,
           86,    87,    88,    89,    90,    91,    92,    93,    94,    96,
           98,    99,   101,   102,   103,   104,   106,   107,   108,   109,
          110,   112,   113,   115,   116,   117,   119,   120,   121,   123,
          124,   125,   126,   127,   129,   130,   131,   133,   134,   136,
          137,   138,   139,   140,   142,   143,   144,   145,   149,   150,
          155,   156,   158,   159,   160,   161,   162,   163,   164,   166,
          167,   168,   169,   170,   171,   172,   174,   175,   176,   177,
          178,   179,   180,   181,   185,   187,   189,   191,   193,   194,
          200,   202,   204,   205,   207,   208,   210,   215,   216,   218,
          219,   220,   221,   222,   224,   225,   227,   229,   230,   232,
          233,   234,   236,   237,   239,   240,   241,   242,   244,   245,
          246,   247,   249,   251,   252,   254,   256,   258,   261,   262,
          264,   265,   266,   268,   269,   270,   275,   277,   278,   280,
          281,   283,   287,   288,   289,   291,   292,   293,   294,   295,
          296,   297,   298,   299,   300,   302,   304,   305,   306,   308,
          309,   310,   311,   314,   315,   316,   318,   319,   321,   322,
          323,   324,   325,   326,   328,   330,   331,   332,   333,   337,
          338,   339,   341,   342,   343,   344,   345,   347,   349,   351,
          352,   353,   355,   356,   357,   360,   363,   367,   369,   370,
          372,   376,   377,   379,   380,   381,   382,   383,   385,   386,
          387,   389,   390,   392,   393,   395,   397,   398,   399,   400,
          404,   405,   406,   407,   410,   413,   415,   416,   417,   418,
          419,   422,   423,   424,   428,   429,   430,   431,   432,   433,
          434,   435,   436,   440,   441,   442,   443,   447,   448,   449,
          450,   453,   454,   455,   456,   457,   458,   459,   461,   462,
          463,   466,   468,   475,   476,   477,   479,   482,   483,   484,
          485,   486,   487,   488,   489,   490,   491,   493,   495,   496,
          497,   498,   499,   504,   505,   506,   507,   509,   510,   511,
          515,   516,   519,   520,   521,   522,   523,   525,   527,   528,
          530,   534,   537,   539,   540,   543,   546,   547,   548,   549,
          552,   553,   554,   555,   556,   557,   559,   560,   561,   562,
          565,   566,   567,   568,   569,   570,   571,   572,   573,   575,
          576,   578,   579,   581,   582,   583,   584,   586,   587,   590,
          591,   593,   596,   598,   599,   600,   601,   605,   606,   608,
          609,   610,   611,   613,   614,   615,   616,   618,   620,   621,
          623,   624,   626,   627,   629,   630,   631,   632,   633,   634,
          635,   637,   639,   640,   641,   644,   645,   646,   647,   649,
          650,   651,   653,   655,   656,   657,   659,   661,   662,   663,
          666,   667,   668,   671,   672,   673,   675,   676,   677,   678,
          681,   683,   686,   688,   689,   690,   691,   692,   693,   697,
          699,   700,   701,   703,   704,   705,   708,   711,   712,   713,
          715,   716,   717,   718,   719,   720,   722,   723,   725,   726,
          727,   728,   729,   730,   731,   732,   733,   734,   739,   740,
          741,   744,   746,   747,   748,   749,   751,   752,   753,   755,
          756,   757,   758,   759,   760,   761,   762,   763,   764,   770,
          772,   773,   774,   776,   778,   779,   780,   781,   782,   784,
          785,   786,   787,   788,   789,   790,   791,   793,   795,   797,
          798,   799,   800,   803,   804,   806,   807,   808,   809,   810,
          812,   813,   814,   815,   816,   817,   818,   819,   820,   821,
          823,   824,   825,   826,   829,   831,   834,   837,   838,   839,
          841,   843,   845,   846,   847,   848,   849,   850,   853,   854,
          855,   856,   859,   861,   862,   863,   866,   868,   869,   870,
          871,   872,   873,   874,   876,   877,   878,   879,   880,   881,
          882,   883,   884,   890,   891,   894,   896,   897,   899,   900,
          901,   902,   903,   904,   906,   907,   909,   910,   912,   913,
          919,   920,   921,   923,   926,   927,   929,   930,   931,   932,
          933,   934,   935,   936,   937,   938,   940,   941,   943,   944,
          945,   946,   947,   951,   953,   954,   955,   956,   958,   959,
          962,   963,   964,   965,   966,   967,   971,   972,   977,   978,
          979,   980,   982,   983,   984,   985,   986,   987,   988,   993,
          996,   997,   998,   999,  1002,  1004,  1005,  1006,  1008,  1010,
         1011,  1012,  1015,  1016,  1019,  1020,  1023,  1025,  1028,  1029,
         1030,  1031,  1032,  1036,  1037,  1038,  1039,  1040,  1041,  1042,
         1043,  1047,  1048,  1050,  1051,  1052,  1053,  1055,  1058,  1061,
         1062,  1063,  1064,  1065,  1067,  1071,  1072,  1073,  1074,  1075,
         1076,  1077,  1079,  1082,  1084,  1085,  1086,  1087,  1088,  1089,
         1090,  1091,  1092,  1093,  1094,  1095,  1097,  1100,  1101,  1102,
         1104,  1105,  1106,  1107,  1108,  1110,  1111,  1113,  1114,  1115,
         1117,  1118,  1119,  1122,  1124,  1125,  1127,  1128,  1130,  1131,
         1132,  1133,  1135,  1138,  1140,  1142,  1143,  1144,  1147,  1148,
         1150,  1151,  1152,  1154,  1155,  1161,  1163,  1165,  1167,  1168,
         1169,  1172,  1173,  1175,  1176,  1177,  1178,  1179,  1180,  1181,
         1184,  1186,  1187,  1189,  1190,  1192,  1193,  1194,  1195,  1197,
         1198,  1199,  1200,  1201,  1202,  1203,  1204,  1205,  1206,  1207,
         1208,  1211,  1212,  1213,  1218,  1219,  1220,  1221,  1223,  1225,
         1226,  1227,  1230,  1231,  1237,  1238,  1240,  1243,  1244,  1248,
         1250,  1251,  1252,  1253,  1254,  1255,  1256,  1261,  1262,  1263,
         1264,  1265,  1267,  1270,  1274,  1275,  1276,  1277,  1279,  1280,
         1281,  1282,  1283,  1284,  1285,  1286,  1287,  1289,  1290,  1291,
         1293,  1294,  1295,  1296,  1298,  1299,  1302,  1303,  1304,  1308,
         1309,  1311,  1313,  1317,  1318,  1319,  1320,  1321,  1322,  1324,
         1325,  1327,  1328,  1329,  1331,  1332,  1333,  1334,  1335,  1337,
         1338,  1341,  1342,  1343,  1346,  1347,  1348,  1350,  1352,  1355,
         1356,  1357,  1359,  1360,  1362,  1365,  1366,  1368,  1369,  1373,
         1374,  1375,  1376,  1380,  1381,  1382,  1383,  1385,  1387,  1388,
         1389,  1390,  1391,  1392,  1394,  1396,  1399,  1402,  1404,  1405,
         1406,  1408,  1409,  1410,  1411,  1412,  1414,  1415,  1416,  1418,
         1419,  1420,  1421,  1422,  1423,  1424,  1425,  1427,  1428,  1429,
         1430,  1431,  1432,  1433,  1434,  1435,  1436,  1437,  1438,  1439,
         1440,  1441,  1442,  1443,  1444,  1447,  1449,  1450,  1451,  1452,
         1454,  1455,  1460,  1462,  1463,  1464,  1465,  1466,  1467,  1468,
         1469,  1470,  1472,  1473,  1474,  1475,  1476,  1477,  1479,  1480,
         1483,  1484,  1485,  1487,  1488,  1490,  1491,  1492,  1496,  1497,
         1498,  1499,  1500,  1501,  1503,  1505,  1507,  1508,  1509,  1513,
         1514,  1516,  1517,  1518,  1519,  1520,  1524,  1526,  1527,  1528,
         1531,  1533,  1535,  1536,  1537,  1538,  1539,  1540,  1541,  1542,
         1544,  1545,  1546,  1548,  1549,  1551,  1553,  1558,  1560,  1562,
         1563,  1565,  1566,  1567,  1568,  1569,  1570,  1573,  1574,  1575,
         1576,  1577,  1578,  1579,  1580,  1581,  1582,  1583,  1584,  1585,
         1586,  1588,  1589,  1590,  1591,  1593,  1594,  1598,  1599,  1601,
         1602,  1603,  1604,  1605,  1606,  1607,  1608,  1609,  1610,  1611,
         1613,  1614,  1616,  1617,  1619,  1620,  1621,  1623,  1624,  1625,
         1626,  1627,  1629,  1630,  1631,  1632,  1633,  1634,  1635,  1637,
         1638,  1643,  1645,  1646,  1647,  1650,  1651,  1652,  1653,  1654,
         1655,  1657,  1659,  1661,  1662,  1666,  1667,  1668,  1671,  1673,
         1674,  1675,  1677,  1683,  1684,  1686,  1687,  1688,  1689,  1690,
         1691,  1692,  1693,  1694,  1695,  1696,  1697,  1698,  1699,  1702,
         1705,  1706,  1708,  1710,  1712,  1717,  1719,  1720,  1721,  1723,
         1725,  1727,  1730,  1732,  1734,  1735,  1736,  1737,  1738,  1739,
         1740,  1741,  1742,  1745,  1746,  1747,  1748,  1751,  1752,  1753,
         1754,  1756,  1763,  1764,  1765,  1768,  1769,  1771,  1772,  1774,
         1775,  1777,  1780,  1781,  1782,  1784,  1786,  1787,  1788,  1791,
         1792,  1793,  1794,  1796,  1797,  1798,  1802,  1803,  1805,  1806,
         1807,  1808,  1809,  1810,  1812,  1813,  1814,  1815,  1816,  1818,
         1819,  1821,  1822,  1825,  1826,  1827,  1828,  1829,  1830,  1831,
         1832,  1835,  1836,  1837,  1838,  1839,  1841,  1842,  1844,  1845,
         1846,  1849,  1852,  1853,  1854,  1855,  1859,  1860,  1861,  1862,
         1864,  1866,  1867,  1868,  1869,  1872,  1874,  1876,  1877,  1878,
         1879,  1880,  1881,  1882,  1883,  1884,  1885,  1886,  1888,  1889,
         1891,  1892,  1893,  1894,  1896,  1900,  1901,  1905,  1906,  1907,
         1910,  1911,  1913,  1914,  1918,  1921,  1923,  1924,  1925,  1926,
         1927,  1929,  1931,  1932,  1933,  1934,  1938,  1939,  1941,  1942,
         1944,  1946,  1948,  1952,  1953,  1957,  1959,  1962,  1964,  1965,
         1967,  1968,  1969,  1973,  1976,  1977,  1979,  1981,  1982,  1983,
         1984,  1986,  1987,  1988,  1989,  1993,  1994,  1995,  1996,  1997,
         1999,  2000
Total non-polymorphic = 1300


Population     7 [WildRose_25_16931]  (Number of Individuals = 40)
****************
--------------------------------------------------------------------------
Lowest Allele Frequency Used     0.050       0.020       0.010         0+   
--------------------------------------------------------------------------
Harmonic Mean Sample Size =       37.5        37.5        37.6        37.6
Independent Comparisons =     159807      201589      243066      243066
OverAll r^2 =                  0.03284     0.03253     0.03213     0.03213
Expected r^2 Sample =          0.02858     0.02854     0.02850     0.02850
Estimated Ne^ =                   76.1        81.6        89.7        89.7

95% CIs for Ne^
* Parametric                      72.2        77.5        85.3        85.3
                                  80.5        86.0        94.5        94.5

* CIs by Jackknife are skipped when number of polymorphic loci > 100

**************************************************************************

Ending time: Sat Mar 14 08:39:57 2026
-------------------------------------

